2 0.01705115613235294 0.30317966042205435 0.03410231226470588 0.07078124367830058
2 0.06188938151742917 0.30052536378411804 0.06567852732461871 0.07491014955953482
2 0.21977045681699336 0.3011152074814373 0.07073072173420478 0.06783202519170477
2 0.1578810752995642 0.3058339570599906 0.05304804130065357 0.05957421342923638
2 0.29618489726198244 0.30494919151401184 0.07957206195098031 0.060164057126555585
2 0.35491665727342037 0.2990507545408201 0.06062633291503268 0.07078124367830058
2 0.393439639646514 0.30642380075730974 0.03157621505991287 0.05721483863995967
2 0.4351202435255989 0.3049491915140119 0.06694157592701522 0.05662499494264047
2 0.4913259063322438 0.29580661420556464 0.050521944095860576 0.07608983695417322
2 0.5746871140904137 0.2955116923569051 0.11620047142047916 0.07549999325685405
2 0.6858353911013069 0.29905075454082014 0.10356998539651407 0.06488280670510893
2 0.8051934840277775 0.29285739571896885 0.13009400604684074 0.07491014955953489
2 0.8784503029667752 0.30435934781669266 0.05683718710784305 0.04954687057481042
2 0.9517071219057732 0.29462692681092634 0.09472864517973832 0.07019139998098144
2 0.02462944774673202 0.38811715283601506 0.04925889549346404 0.07196093107293891
2 0.1023069367941176 0.38841207468467476 0.10356998539651413 0.07373046216489648
2 0.21408673810620912 0.3925409805659089 0.10988522840849672 0.08198827392736491
2 0.29113270285239645 0.3919511368685897 0.0770459647461874 0.08198827392736491
2 0.3542851329722221 0.3916562150199301 0.08462425636056643 0.08139843023004573
2 0.4256473790076251 0.39018160577663225 0.09346559657734205 0.08198827392736482
2 0.5058509652598037 0.39018160577663225 0.0871503535653595 0.08198827392736482
2 0.5791077841988015 0.389591762079313 0.09472864517973839 0.08316796132200324
2 0.656153748944989 0.38988668392797265 0.10230693679411772 0.08139843023004566
2 0.7313051407875816 0.39165621501993014 0.09851779098692802 0.07903905544076899
2 0.8272968345697165 0.3878222309873555 0.12377876303485834 0.08316796132200324
2 0.9586538892189539 0.3801542629222062 0.06315243011982574 0.04423827729893794
2 0.897396032002723 0.3831034814088021 0.04168060387908497 0.04305858990429954
2 0.0599948086138344 0.4751190981905929 0.09472864517973852 0.07137108737561974
2 0.13388315185403046 0.47983784776914623 0.05052194409586054 0.06311327561315139
2 0.19514100907026136 0.48691597213697635 0.07451986754139432 0.07373046216489648
2 0.2633456335996731 0.4869159721369764 0.06188938151742917 0.07491014955953489
2 0.34039159834586036 0.48839058138027425 0.09725474238453156 0.07432030586221565
2 0.4237528061040304 0.48868550322893384 0.08715035356535943 0.07491014955953482
2 0.5058509652598038 0.48809565953161466 0.09725474238453152 0.07608983695417322
2 0.577844735596405 0.485736284742338 0.0770459647461874 0.07491014955953496
2 0.6378395442102394 0.4851464410450188 0.035365360867102354 0.07491014955953482
2 0.6915191098120913 0.485736284742338 0.06441547872222202 0.07491014955953496
2 0.7976151924133984 0.4836718318017209 0.1174635200228758 0.07196093107293905
2 0.9087634694242915 0.5323339368305525 0.08209815915577337 0.05721483863995964
2 0.9447603545925922 0.6261190847043009 0.07830901334858367 0.07491014955953475
2 0.8841340216775597 0.6222851006717263 0.07830901334858381 0.06488280670510889
2 0.8563469524248362 0.5765722141294904 0.07830901334858381 0.0701913999809814
2 0.7774064147750542 0.5768671359781501 0.0770459647461874 0.06960155628366223
2 0.710464838848039 0.5774569796754692 0.05683718710784305 0.07078124367830049
2 0.654259176041394 0.57686713597815 0.050521944095860576 0.07314061846757731
2 0.5917382702227667 0.5777519015241288 0.0719937703366012 0.07255077477025808
2 0.5254282185969497 0.5756874485835117 0.05810023571023962 0.06960155628366223
2 0.4319626220196076 0.5712636208536179 0.037891458071895485 0.0583945260345979
2 0.37891458071895406 0.5756874485835117 0.06820462452941171 0.06724218149438556
2 0.29871099446677546 0.5748026830375329 0.0745198675413943 0.06665233779706632
2 0.2267172241301742 0.5742128393402137 0.07199377033660127 0.06429296300778965
2 0.11620047142047926 0.5691991679130008 0.07578291614379085 0.07432030586221565
2 0.03157621505991284 0.5686093242156817 0.06315243011982569 0.07549999325685398
2 0.056837187107843114 0.665933534273345 0.11367437421568623 0.047187495785533856
2 0.2178758839133986 0.6647538468787065 0.07199377033660131 0.07196093107293898
2 0.2867120327440086 0.6694725964572601 0.05810023571023965 0.08021874283540747
2 0.3454437927554465 0.6632792376354086 0.08967645077015249 0.0678320251917048
2 0.42754195191121996 0.6674081435166428 0.07451986754139434 0.07726952434881149
2 0.4963781007418299 0.6674081435166428 0.06062633291503268 0.07726952434881149
2 0.5860545515119823 0.6691776746086003 0.0783090133485839 0.0772695243488117
2 0.6561537489449889 0.6688827527599409 0.05936328431263632 0.07667968065149253
2 0.720569227667211 0.6688827527599409 0.06441547872222216 0.07549999325685405
2 0.8171924457505443 0.6668182998193238 0.06315243011982559 0.07137108737561988
2 0.07641444044498907 0.7482167300493694 0.09725474238453154 0.07491014955953489
2 0.21724435961220037 0.7523456359306036 0.09851779098692813 0.06665233779706653
2 0.31449910199673187 0.7538202451739017 0.08841340216775599 0.06488280670510889
2 0.4048070770680826 0.7564745418118377 0.09220254797494555 0.06783202519170473
2 0.5020618194526142 0.7558846981145186 0.10230693679411758 0.06429296300778972
2 0.9389093893327884 0.7240331384592834 0.12218122133442293 0.07844921174344989
2 0.9660649342843135 0.8245215000475463 0.06787013143137287 0.08552733611127977
2 0.8917123132919386 0.8021074395494178 0.07073072173420471 0.07962889913808795
3 0.3225355647620481 0.8294461538496212 0.13030370173269543 0.05071406499619135
3 0.1635431443803979 0.8264884805114303 0.04274791930857665 0.0448906079918667
3 0.47312553766622045 0.831401866676381 0.06325512014815238 0.04378739408444723
3 0.5318374073727469 0.848692460357585 0.130480227520301 0.032173292581045704
3 0.8699496725646989 0.843087124548152 0.08870999743763416 0.04349780881672695
3 0.7928116540030423 0.839214857571957 0.07810303823203296 0.039972878661299026
3 0.6377873521192313 0.8550296240477911 0.0688935601307189 0.02242380998072889
3 0.5210653364575664 0.8544919628535625 0.061817508115977075 0.0336944534238772
3 0.6414407984897997 0.8287060210269356 0.09290192199445428 0.03412318910110912
3 0.09308216995928946 0.8166954723313977 0.03164973781063155 0.033621090747192654
3 0.056754431172290835 0.8332671771608774 0.0325443495529829 0.0336210907471923
3 0.20082472778104565 0.8351386865992914 0.027787069252723277 0.014746092432979339
