1 0.6416826221927516 0.7409603549162099 0.1701291102067237 0.11917544169980986
1 0.47710120036233405 0.7388013795230974 0.16273219237164888 0.11658467122807509
1 0.7942440525411719 0.7258475271644236 0.17567679858302984 0.12003903185705316
1 0.917217811549293 0.7159162403561055 0.09615993185597431 0.09672209761143913
1 0.9336443080812684 0.8648855424808687 0.13271138383746348 0.1735816216062473
1 0.31621823744945393 0.7305972730292709 0.16273219237164885 0.11572108107083177
1 0.17105372493610804 0.7275747074789127 0.16088296291287998 0.11140313028460437
0 0.04253227755168092 0.7185070108278409 0.08506455510336185 0.09844927792592875
0 0.09893377604412741 0.6032177248356324 0.06472303105690579 0.0751323436803149
0 0.042532277551680944 0.6040813149928774 0.06287380159813705 0.078586704309295
2 0.18677217533564242 0.6014905445211426 0.07766763726828695 0.06476926179337499
2 0.28570595137976984 0.608831060857725 0.1201999148199679 0.08463183541000979
2 0.39943356309404704 0.61142183132946 0.11095376752612417 0.08463183541001008
2 0.5057642569732494 0.6114218313294599 0.10910453806735539 0.08117747478102999
2 0.5806580500533828 0.6071038805432365 0.06287380159813694 0.07081439289409319
2 0.6758933671799733 0.6109900362508376 0.1165014559024305 0.03540719644704502
2 0.8053394292937849 0.6075356756218575 0.10540607914981791 0.07685952399480506
2 0.9107455084436027 0.608831060857725 0.11280299698489273 0.08290465509552007
2 0.11465222644366184 0.5099499878531725 0.10725530860858708 0.0837682452527649
2 0.03143690079906852 0.48231510282133244 0.055476883763062104 0.095858507454195
2 0.2172844614053265 0.5125407583249081 0.09800916131474297 0.09240414682521364
2 0.3115951638025321 0.5108135780104174 0.08691378456213059 0.09067696651072495
2 0.39573510417650964 0.50779101246006 0.09246147293843685 0.08635901572450003
2 0.6222657128756799 0.5134043484821526 0.09431070239720561 0.050951819277455075
2 0.5224073221021682 0.5146997337180202 0.10170762023228068 0.05526977006368011
2 0.7452394718838008 0.5039048567524574 0.09246147293843691 0.08031388462378494
2 0.8321532564459314 0.505200241988325 0.08506455510336196 0.08290465509552
2 0.9199916557374465 0.5064956272241925 0.08321532564459332 0.08722260588174507
2 0.06657226051567453 0.4045919886692825 0.09615993185597431 0.08894978619623493
2 0.16735526601857068 0.40502378374790493 0.12759683265504282 0.08463183541000995
2 0.27830903354469505 0.4054555788265278 0.08691378456213034 0.0872226058817454
2 0.3624489739186723 0.4037283985120375 0.10355684969104924 0.08894978619623493
2 0.4401166111869593 0.4045919886692825 0.08136609618582448 0.0837682452527649
2 0.5131611748083245 0.40416019359065997 0.12389837373750531 0.08463183541000995
2 0.6074718772055299 0.40329660343341495 0.09431070239720547 0.08463183541001001
2 0.6860641292032013 0.4024330132761699 0.10725530860858676 0.08290465509552
2 0.7822240610591755 0.4024330132761699 0.10725530860858669 0.08290465509552
2 0.8941024433146842 0.4037283985120375 0.10910453806735547 0.08376824525276497
2 0.8904039843971466 0.299665784564015 0.09431070239720554 0.07772311415205
2 0.7923948230824037 0.30096116979988247 0.09800916131474309 0.07685952399480499
2 0.6869887439325857 0.30916527629371 0.09061224347966829 0.06045131100715
2 0.5917534268059957 0.2940524485419225 0.12574760319627395 0.09067696651072499
2 0.48264888873864026 0.29275706330605494 0.09246147293843685 0.09499491729694995
2 0.3901874158002034 0.29362065346329996 0.08136609618582441 0.09672209761143996
2 0.2921782544854604 0.2923252682274325 0.13684297994888656 0.09067696651072503
2 0.18399833114748929 0.28325757157636 0.09431070239720557 0.05699695037816998
2 0.07211994889198073 0.27678064539702246 0.13314452103134902 0.05786054053541502
2 0.12852144738442725 0.16580931019104 0.12389837373750544 0.11053954012735996
2 0.06009995740998393 0.1869672690435425 0.07211994889198073 0.07513234368031502
2 0.24687213274562628 0.18610367888629745 0.09061224347966794 0.07167798305133498
2 0.326388999472682 0.18480829365042997 0.05732611322183082 0.07426875352307
2 0.39850894836466266 0.18351290841456247 0.10910453806735539 0.07340516336582502
2 0.4752519709035653 0.18524008872905248 0.05177842484552464 0.078586704309295
2 0.5390503872310868 0.1938759903015025 0.07211994889198074 0.05613336022092501
2 0.5954518857235332 0.18567188380767496 0.06657226051567455 0.07426875352306998
2 0.6971595059558137 0.182217523178695 0.08506455510336196 0.07772311415204998
2 0.7785256021416381 0.18264931825731748 0.06287380159813721 0.07858670430929499
2 0.8303040269871628 0.18394470349318495 0.06287380159813707 0.07254157320858003
2 0.9135193526317559 0.18308111333594 0.11465222644366178 0.07772311415205
2 0.529804239937243 0.0781549092306725 0.0795168667270557 0.078586704309295
2 0.5945272709941488 0.07383695844444751 0.0721199488919806 0.08549542556725502
2 0.6731195229918201 0.07426875352307 0.10725530860858676 0.08290465509551997
2 0.7369179393193415 0.07426875352307 0.049929195386755935 0.07599593383756
2 0.8358517153634689 0.07901849938791748 0.14793835670149888 0.064769261793375
2 0.8978009022322218 0.08117747478103 0.0943107023972054 0.06390567163613001
2 0.9634485480185117 0.07599593383756 0.07027071943321189 0.07081439289408999
