1 0.1664306512891863 0.7167424284236402 0.12944606211381157 0.11053954012736
1 0.29125363975607593 0.7253783299960912 0.1275968326550428 0.10708517949838182
1 0.28663056610915416 0.6783126664262378 0.007396917835075029 0.0043179507862249975
1 0.4133027840348125 0.7383321823547665 0.13499375049011772 0.10881235981286964
1 0.5658642143832334 0.7335824364899177 0.1294460621138115 0.07685952399480499
1 0.7415410129662634 0.7655352723079827 0.14054143886642406 0.10967594997011502
1 0.6537026136747484 0.7413547479051229 0.03143690079906861 0.059587720849905136
1 0.9216243165992711 0.7996470835191616 0.15675136680145627 0.14335596610266735
1 0.049929195386755894 0.6791762565834836 0.06657226051567451 0.04577027833398487
1 0.09893377604412741 0.6878121581559327 0.03143690079906852 0.0578605405354152
0 0.02866305661091544 0.5910900605444936 0.04992919538675593 0.080313884623785
0 0.08321532564459315 0.6018849375100552 0.03698458917537472 0.06390567163613006
0 0.12482298846688973 0.6018849375100552 0.03143690079906852 0.06390567163613006
0 0.1562598892659583 0.5984305768810774 0.04253227755168103 0.08463183541000992
0 0.20064139627640787 0.6031803227459228 0.04623073646921845 0.08376824525276462
0 0.2514952063925482 0.6044757079817916 0.04807996592798714 0.08463183541001
0 0.3004997870499197 0.6079300686107704 0.049929195386755866 0.08981337635347991
0 0.3495043677072912 0.6126798144756178 0.05547688376306212 0.09067696651072503
0 0.44196584064572825 0.6204521258908235 0.05547688376306192 0.0906769665107249
0 0.5288796252078587 0.6234746914411803 0.05547688376306212 0.08808619603899004
0 0.6019241888292237 0.6334059782494983 0.06102457213936824 0.1027672287121555
0 0.657401072592286 0.6321105930136303 0.04623073646921831 0.09154055666796992
0 0.7138025710847323 0.6377239290357227 0.05917534268059967 0.09758568776868501
0 0.8155101913170129 0.6524049617088877 0.06287380159813694 0.08722260588174507
0 0.8728363045388438 0.6558593223378678 0.05547688376306198 0.0906769665107251
0 0.7554102339070289 0.6364285437998553 0.0277384418815312 0.08117747478102984
2 0.09431070239720558 0.49742793057312 0.09615993185597432 0.07945029446654005
2 0.18399833114748929 0.5030412665952124 0.08321532564459316 0.08894978619623486
2 0.2653644273333137 0.5060638321455699 0.07211994889198074 0.08808619603899011
2 0.3605997444599036 0.508654602617305 0.11465222644366169 0.09326773698246
2 0.45953352050403107 0.5125407583249074 0.08691378456213059 0.095858507454195
2 0.5760349764064614 0.5207448648187349 0.12759683265504285 0.09499491729694995
2 0.698084120685198 0.5185858894256224 0.11650145590243043 0.10276722871215498
2 0.8340024859047002 0.5272217909980725 0.14423989778396135 0.10276722871215505
2 0.9549104468571091 0.5600382169733824 0.09017910628578164 0.09931286808317495
2 0.9558350615864936 0.44949867684602246 0.08832987682701286 0.09067696651072495
2 0.14239066832519273 0.40200121819754747 0.08136609618582444 0.08549542556725498
2 0.2274552234285546 0.40847814437688634 0.08136609618582444 0.0759959338375626
2 0.3226905405551445 0.4020012181975476 0.09431070239720554 0.08894978619623509
2 0.42624739024619374 0.4024330132761699 0.05732611322183082 0.09154055666797
2 0.51223656007894 0.3972514723327001 0.10355684969104921 0.09844927792593004
2 0.6213410981462955 0.3972514723326999 0.11465222644366165 0.10017645824041999
2 0.8543440099511562 0.38688839044576 0.1331445210313491 0.11399390075633996
2 0.7507871602601071 0.394660701860965 0.05547688376306212 0.10190363855490993
2 0.698084120685198 0.3959560870968325 0.038833818634143424 0.09585850745419493
2 0.9761765856329496 0.33291400561794754 0.04764682873410089 0.09758568776868497
2 0.8931778285852998 0.24094165387135497 0.16273219237164882 0.13472006453021992
2 0.8007163556468632 0.24741858005069226 0.10355684969105 0.11313031059909488
2 0.7202748741904229 0.2517365308369175 0.08321532564459318 0.11140313028460497
2 0.6333610896282923 0.25648627670176494 0.09061224347966806 0.11053954012736003
2 0.5538442229012367 0.26209961272385746 0.07581840780951822 0.10794876965562501
2 0.48357350346802364 0.2646903831955925 0.07581840780951815 0.10794876965562507
2 0.40035817782343147 0.26987192413906247 0.09431070239720561 0.10449440902664499
2 0.3060474754262259 0.27850782571151245 0.09061224347966813 0.10104004839766496
2 0.193244478441333 0.28584834204809495 0.09800916131474305 0.09326773698245998
2 0.26351519787454525 0.17271803144899991 0.09800916131474252 0.08117747478103013
2 0.18214910168872056 0.18351290841456247 0.07951686672705569 0.06304208147888496
3 0.466930438339106 0.1662411052696625 0.049929195386755935 0.04231591770500502
3 0.5464473050661617 0.16926367082001995 0.07211994889198067 0.029362065346329996
3 0.6398333927339829 0.16235494956205998 0.07766763726828692 0.032816425975310023
3 0.7156518005435011 0.156309818461345 0.07766763726828685 0.03281642597530999
2 0.12759683265504282 0.18567188380767496 0.03328613025783726 0.06908721257960002
2 0.039758433363527836 0.39552429201821 0.06472303105690579 0.06563285195062
2 0.02496459769337794 0.29750680917090244 0.04992919538675588 0.07513234368031498
3 0.3624489739186723 0.1861036788862975 0.05177842484552457 0.03540719644704502
2 0.3384089909546788 0.17271803144899997 0.05547688376306215 0.06736003226510999
